# unix_time, cycles_done, cur_path, paths_total, pending_total, pending_favs, map_size, unique_crashes, unique_hangs, max_depth, execs_per_sec
1603563787, 0, 0, 3, 3, 2, 0.06%, 0, 0, 1, 3428.57
1603563792, 0, 1, 46, 46, 2, 0.20%, 2, 0, 2, 4667.43
1603563797, 0, 2, 51, 50, 27, 0.20%, 3, 0, 2, 4833.13
1603563802, 0, 4, 53, 50, 25, 0.20%, 4, 0, 3, 4934.76
1603563807, 0, 9, 53, 49, 24, 0.20%, 4, 0, 3, 4988.64
1603563812, 0, 14, 53, 47, 22, 0.20%, 4, 0, 3, 4736.76
1603563817, 0, 20, 53, 45, 20, 0.20%, 4, 0, 3, 4671.66
1603563822, 0, 22, 53, 44, 19, 0.20%, 4, 0, 3, 4591.14
1603563827, 0, 28, 54, 43, 18, 0.20%, 4, 0, 3, 4688.71
1603563832, 0, 29, 54, 42, 17, 0.20%, 4, 0, 3, 4540.63
1603563837, 0, 32, 54, 40, 15, 0.20%, 4, 0, 3, 4510.35
1603563842, 0, 35, 54, 38, 13, 0.20%, 4, 0, 3, 4480.96
1603563848, 0, 36, 54, 37, 12, 0.20%, 4, 0, 3, 4561.59
1603563853, 0, 37, 54, 36, 11, 0.20%, 4, 0, 3, 4483.46
1603563858, 0, 39, 55, 36, 10, 0.20%, 4, 0, 3, 4540.97
1603563863, 0, 44, 55, 34, 8, 0.20%, 4, 0, 3, 4745.95
1603563868, 0, 45, 55, 33, 7, 0.20%, 4, 0, 3, 4665.73
1603563873, 0, 45, 62, 40, 7, 0.21%, 6, 0, 3, 4743.58
1603563878, 0, 47, 65, 42, 8, 0.21%, 7, 0, 3, 4764.77
1603563883, 0, 50, 65, 40, 6, 0.21%, 8, 0, 3, 4762.31
1603563888, 0, 52, 66, 40, 5, 0.21%, 9, 0, 3, 4867.70
1603563893, 0, 54, 67, 39, 3, 0.21%, 11, 0, 4, 4620.89
1603563898, 0, 60, 70, 41, 3, 0.21%, 12, 0, 4, 4563.71
1603563904, 0, 60, 79, 50, 3, 0.22%, 15, 0, 4, 4722.82
1603563909, 0, 61, 83, 53, 7, 0.22%, 16, 0, 4, 4721.12
1603563914, 0, 67, 83, 52, 6, 0.22%, 16, 0, 4, 4623.50
1603563919, 0, 70, 83, 50, 4, 0.22%, 17, 0, 4, 4643.53
1603563924, 0, 70, 89, 56, 4, 0.23%, 17, 0, 5, 4508.12
1603563929, 0, 71, 90, 56, 7, 0.23%, 18, 0, 5, 4497.46
1603563934, 0, 71, 94, 60, 7, 0.23%, 19, 0, 5, 4568.01
1603563939, 0, 72, 94, 59, 6, 0.23%, 19, 0, 5, 4573.47
1603563944, 0, 84, 94, 57, 4, 0.23%, 19, 0, 5, 4291.85
1603563949, 0, 85, 94, 56, 3, 0.23%, 19, 0, 5, 4195.18
1603563955, 0, 87, 94, 55, 2, 0.23%, 19, 0, 5, 4428.69
1603563960, 0, 88, 98, 58, 1, 0.23%, 20, 0, 6, 4589.73
1603563965, 0, 88, 101, 61, 1, 0.23%, 23, 0, 6, 4724.68
1603563970, 0, 100, 102, 61, 0, 0.23%, 23, 0, 7, 4668.52
1603563975, 1, 13, 102, 59, 0, 0.23%, 23, 0, 7, 4796.96
1603563980, 1, 16, 102, 57, 0, 0.23%, 23, 0, 7, 4849.42
1603563985, 1, 19, 102, 56, 0, 0.23%, 23, 0, 7, 4732.51
1603563990, 1, 37, 103, 55, 0, 0.23%, 23, 0, 7, 4462.69
1603563995, 1, 49, 103, 54, 0, 0.23%, 23, 0, 7, 4727.17
1603564000, 1, 55, 103, 52, 0, 0.23%, 23, 0, 7, 4675.92
1603564005, 1, 76, 103, 51, 0, 0.23%, 23, 0, 7, 4762.40
1603564010, 1, 78, 104, 51, 0, 0.23%, 23, 0, 7, 4729.20
1603564015, 1, 83, 105, 51, 0, 0.23%, 23, 0, 7, 4717.58
1603564020, 1, 86, 106, 51, 0, 0.23%, 23, 0, 7, 4679.54
1603564025, 1, 97, 107, 50, 0, 0.23%, 24, 0, 7, 4714.81
1603564030, 1, 99, 108, 50, 0, 0.23%, 24, 0, 7, 4686.10
1603564036, 1, 107, 108, 49, 0, 0.23%, 24, 0, 7, 4695.14
1603564041, 2, 17, 108, 47, 0, 0.23%, 24, 0, 7, 4884.10
1603564046, 2, 24, 108, 46, 0, 0.23%, 24, 0, 7, 4937.12
1603564051, 2, 38, 108, 44, 0, 0.23%, 24, 0, 7, 4650.65
1603564056, 2, 43, 108, 43, 0, 0.23%, 24, 0, 7, 4852.71
1603564061, 2, 64, 108, 41, 0, 0.23%, 24, 0, 7, 4820.86
1603564066, 2, 77, 108, 40, 0, 0.23%, 24, 0, 7, 4730.94
1603564072, 2, 95, 108, 39, 0, 0.23%, 24, 0, 7, 4684.09
1603564077, 3, 3, 108, 37, 0, 0.23%, 24, 0, 7, 4519.96
1603564082, 3, 7, 108, 36, 0, 0.23%, 24, 0, 7, 4743.93
1603564087, 3, 26, 108, 34, 0, 0.23%, 24, 0, 7, 4858.16
1603564092, 3, 72, 108, 33, 0, 0.23%, 25, 0, 7, 4870.39
1603564097, 3, 103, 110, 34, 0, 0.23%, 25, 0, 7, 4805.59
1603564102, 3, 106, 110, 33, 0, 0.23%, 25, 0, 7, 4713.02
1603564107, 3, 109, 111, 33, 0, 0.23%, 25, 0, 7, 4669.51
1603564112, 3, 110, 114, 35, 0, 0.23%, 25, 0, 8, 4599.68
1603564117, 3, 110, 122, 43, 0, 0.23%, 25, 0, 8, 4608.06
1603564122, 3, 110, 126, 47, 0, 0.23%, 25, 0, 8, 4620.16
1603564127, 3, 112, 126, 46, 0, 0.23%, 25, 0, 8, 4635.39
1603564133, 3, 116, 126, 45, 0, 0.23%, 25, 0, 8, 4623.81
1603564138, 3, 116, 129, 48, 0, 0.23%, 25, 0, 9, 4616.05
1603564143, 3, 118, 131, 49, 0, 0.23%, 25, 0, 9, 4539.05
1603564153, 3, 124, 131, 48, 0, 0.23%, 25, 0, 9, 4565.53
1603564158, 4, 8, 131, 46, 0, 0.23%, 25, 0, 9, 4723.85
1603564163, 4, 37, 131, 44, 0, 0.23%, 26, 0, 9, 4686.92
1603564168, 4, 62, 131, 43, 0, 0.23%, 26, 0, 9, 4660.45
1603564173, 4, 66, 131, 42, 0, 0.23%, 26, 0, 9, 4678.11
1603564179, 4, 81, 131, 40, 0, 0.23%, 27, 0, 9, 4720.38
1603564184, 4, 91, 131, 39, 0, 0.23%, 27, 0, 9, 4754.50
1603564189, 4, 94, 131, 38, 0, 0.23%, 27, 0, 9, 4655.23
1603564194, 4, 98, 131, 37, 0, 0.23%, 27, 0, 9, 4612.39
1603564199, 4, 101, 131, 36, 0, 0.23%, 27, 0, 9, 4683.63
1603564204, 4, 104, 131, 35, 0, 0.23%, 27, 0, 9, 4752.49
1603564209, 4, 108, 131, 34, 0, 0.23%, 32, 0, 9, 4678.02
1603564214, 4, 113, 132, 34, 0, 0.23%, 32, 0, 9, 4624.27
1603564219, 4, 115, 132, 33, 0, 0.23%, 32, 0, 9, 4637.01
1603564230, 4, 119, 132, 32, 0, 0.23%, 32, 0, 9, 4516.94
1603564235, 4, 120, 132, 31, 0, 0.23%, 32, 0, 9, 4585.21
1603564240, 4, 125, 132, 30, 0, 0.23%, 32, 0, 9, 4632.03
1603564250, 4, 127, 132, 29, 0, 0.23%, 32, 0, 9, 4601.28
1603564255, 4, 127, 135, 32, 0, 0.23%, 32, 0, 10, 4606.00
1603564260, 4, 128, 135, 31, 0, 0.23%, 32, 0, 10, 4589.72
1603564270, 4, 131, 137, 32, 0, 0.23%, 32, 0, 10, 4471.07
1603564275, 4, 134, 137, 31, 0, 0.23%, 32, 0, 10, 4553.69
1603564286, 5, 32, 137, 30, 0, 0.23%, 32, 0, 10, 4633.96
1603564291, 5, 68, 138, 31, 0, 0.23%, 32, 0, 10, 4521.76
1603564296, 5, 93, 138, 30, 0, 0.23%, 32, 0, 10, 4555.18
1603564301, 5, 117, 138, 29, 0, 0.23%, 33, 0, 10, 4411.32
1603564311, 5, 117, 138, 29, 0, 0.23%, 36, 0, 10, 4538.98
1603564316, 5, 121, 138, 28, 0, 0.23%, 36, 0, 10, 4593.36
1603564321, 5, 123, 143, 32, 0, 0.23%, 40, 0, 10, 4601.26
1603564326, 5, 123, 144, 33, 0, 0.23%, 40, 0, 10, 4625.06
1603564331, 5, 143, 144, 32, 1, 0.23%, 42, 1, 10, 4515.63
1603564342, 6, 65, 144, 31, 0, 0.23%, 43, 1, 10, 4808.63
1603564347, 6, 71, 145, 31, 0, 0.23%, 43, 1, 10, 4913.16
1603564352, 6, 96, 145, 30, 0, 0.23%, 43, 1, 10, 4803.25
1603564362, 6, 137, 145, 28, 0, 0.23%, 43, 1, 10, 4648.73
1603564372, 6, 137, 146, 29, 0, 0.23%, 43, 1, 10, 4501.47
1603564377, 6, 140, 147, 29, 0, 0.23%, 44, 1, 10, 4580.75
1603564382, 6, 140, 147, 29, 0, 0.23%, 45, 1, 10, 4602.44
1603564387, 6, 145, 147, 28, 0, 0.23%, 45, 1, 10, 4590.82
1603564397, 6, 145, 159, 40, 0, 0.23%, 45, 1, 10, 4567.80
1603564402, 6, 146, 168, 48, 0, 0.23%, 45, 1, 10, 4579.20
1603564413, 6, 146, 170, 50, 0, 0.23%, 45, 1, 10, 4641.09
1603564418, 6, 147, 175, 54, 0, 0.23%, 45, 1, 10, 4480.84
1603564438, 6, 147, 183, 62, 0, 0.23%, 46, 1, 10, 4443.06
1603564443, 6, 148, 187, 65, 0, 0.23%, 46, 1, 10, 4785.41
1603564448, 6, 150, 187, 64, 0, 0.23%, 46, 1, 10, 4995.30
1603564459, 6, 151, 187, 63, 0, 0.23%, 46, 1, 10, 4418.27
1603564520, 6, 151, 192, 68, 0, 0.23%, 47, 1, 10, 4231.95
1603564525, 6, 152, 192, 67, 0, 0.23%, 47, 1, 10, 4049.39
1603564530, 6, 152, 192, 67, 0, 0.23%, 48, 1, 10, 3882.15
1603564627, 6, 158, 192, 66, 0, 0.23%, 48, 1, 10, 4264.40
1603564663, 6, 163, 192, 65, 0, 0.23%, 48, 1, 10, 4305.40
1603564673, 6, 163, 192, 65, 0, 0.23%, 49, 1, 10, 4277.10
1603564693, 6, 163, 193, 66, 0, 0.23%, 50, 1, 10, 4348.02
1603564698, 6, 169, 193, 65, 0, 0.23%, 50, 1, 10, 4353.55
1603564734, 6, 171, 197, 68, 0, 0.23%, 50, 2, 10, 4399.60
1603564795, 6, 173, 197, 67, 0, 0.23%, 50, 2, 10, 4350.72
1603564846, 6, 174, 197, 66, 0, 0.23%, 50, 2, 10, 4377.29
1603564897, 6, 175, 197, 65, 0, 0.23%, 50, 2, 10, 4370.19
1603564933, 6, 178, 197, 64, 0, 0.23%, 50, 2, 10, 4408.53
1603564953, 6, 179, 197, 63, 0, 0.23%, 50, 2, 10, 4395.66
1603565076, 6, 182, 197, 62, 0, 0.23%, 50, 2, 10, 4232.12
1603565101, 6, 184, 197, 61, 0, 0.23%, 50, 2, 10, 4403.45
1603565152, 6, 187, 197, 60, 0, 0.23%, 50, 2, 10, 4196.08
1603565244, 6, 196, 197, 59, 0, 0.23%, 50, 2, 10, 4460.88
1603565269, 7, 60, 199, 60, 0, 0.23%, 50, 2, 10, 4715.73
1603565275, 7, 154, 199, 60, 0, 0.23%, 50, 2, 10, 4659.18
1603565295, 7, 155, 199, 59, 0, 0.23%, 50, 2, 10, 4500.06
1603565315, 7, 165, 199, 58, 0, 0.23%, 51, 2, 10, 4399.93
1603565320, 7, 165, 200, 59, 0, 0.23%, 51, 2, 10, 4321.94
1603565341, 7, 166, 200, 58, 0, 0.23%, 51, 2, 10, 3773.29
1603567459, 7, 189, 200, 57, 0, 0.23%, 51, 2, 10, 3767.02
1603567525, 7, 190, 200, 56, 0, 0.23%, 51, 2, 10, 4260.63
1603567612, 7, 191, 200, 55, 0, 0.23%, 51, 2, 10, 4192.60
1603567673, 8, 71, 200, 54, 0, 0.23%, 51, 2, 10, 4726.89
1603567678, 8, 88, 200, 53, 0, 0.23%, 51, 2, 10, 4668.49
1603567684, 8, 114, 200, 52, 0, 0.23%, 51, 2, 10, 4691.35
1603567694, 8, 129, 200, 51, 0, 0.23%, 51, 2, 10, 4572.32
1603567699, 8, 149, 200, 50, 0, 0.23%, 51, 2, 10, 4416.95
1603567795, 8, 164, 200, 49, 0, 0.23%, 51, 2, 10, 4291.00
1603567821, 8, 167, 200, 48, 0, 0.23%, 51, 2, 10, 4432.14
1603567846, 8, 168, 200, 47, 0, 0.23%, 51, 2, 10, 3827.17
1603568045, 8, 177, 204, 50, 0, 0.23%, 51, 2, 10, 4160.23
1603568055, 8, 177, 205, 51, 0, 0.23%, 51, 2, 10, 4346.05
1603568070, 8, 177, 206, 52, 0, 0.23%, 51, 2, 10, 4408.37
1603568075, 8, 181, 206, 51, 0, 0.23%, 51, 2, 10, 4435.06
1603568101, 8, 192, 206, 50, 0, 0.23%, 51, 2, 10, 4345.09
1603568172, 8, 194, 206, 49, 0, 0.23%, 51, 2, 10, 4352.29
1603568202, 8, 197, 206, 48, 0, 0.23%, 51, 2, 10, 4603.16
1603568213, 8, 198, 206, 47, 0, 0.23%, 51, 2, 10, 4788.65
1603568223, 8, 199, 207, 47, 0, 0.23%, 51, 3, 10, 3799.35
1603568243, 8, 199, 209, 49, 0, 0.23%, 51, 3, 10, 4060.77
1603568248, 8, 203, 209, 48, 0, 0.23%, 51, 3, 10, 4368.64
1603568279, 9, 26, 209, 47, 0, 0.23%, 51, 3, 10, 4591.29
1603568284, 9, 41, 209, 46, 0, 0.23%, 51, 3, 10, 4853.01
1603568289, 9, 57, 209, 45, 0, 0.23%, 51, 3, 10, 4783.83
1603568294, 9, 130, 210, 45, 0, 0.23%, 51, 3, 10, 4724.05
1603568305, 9, 132, 210, 44, 0, 0.23%, 51, 3, 10, 4615.19
1603568315, 9, 135, 210, 43, 0, 0.23%, 51, 3, 10, 4572.74
1603568320, 9, 139, 210, 42, 0, 0.23%, 51, 3, 10, 4612.53
1603568330, 9, 156, 210, 41, 0, 0.23%, 51, 3, 10, 4668.07
1603568370, 9, 160, 210, 40, 0, 0.23%, 51, 3, 10, 4433.26
1603568396, 9, 162, 210, 39, 0, 0.23%, 51, 3, 10, 4129.38
1603568462, 9, 188, 210, 38, 0, 0.23%, 51, 3, 10, 4239.75
1603568498, 9, 201, 210, 37, 0, 0.23%, 51, 3, 10, 4442.37
1603568528, 9, 205, 210, 36, 0, 0.23%, 51, 3, 10, 4421.79
1603568564, 10, 70, 212, 37, 0, 0.23%, 51, 3, 10, 4740.13
1603568569, 10, 102, 212, 37, 0, 0.23%, 51, 3, 10, 4693.19
1603568574, 10, 122, 212, 36, 0, 0.23%, 51, 3, 10, 4682.01
1603568585, 10, 133, 212, 35, 0, 0.23%, 51, 3, 10, 4476.83
1603568595, 10, 144, 212, 34, 0, 0.23%, 51, 3, 10, 4510.44
1603568605, 10, 153, 212, 33, 0, 0.23%, 51, 3, 10, 4666.96
1603568646, 10, 159, 212, 32, 0, 0.23%, 51, 3, 10, 4501.55
1603568661, 10, 161, 212, 31, 0, 0.23%, 51, 3, 10, 4449.09
1603568671, 10, 172, 212, 30, 0, 0.23%, 51, 3, 10, 4416.88
1603568697, 10, 193, 212, 29, 0, 0.23%, 51, 3, 10, 4395.39
1603568738, 10, 204, 212, 28, 0, 0.23%, 51, 3, 10, 4366.25
1603568763, 10, 208, 212, 27, 0, 0.23%, 51, 3, 10, 4340.01
1603568768, 10, 208, 213, 28, 0, 0.23%, 51, 3, 10, 3504.91
1603568819, 10, 208, 213, 28, 0, 0.23%, 51, 4, 10, 3745.69
1603568824, 11, 41, 213, 27, 0, 0.23%, 51, 4, 10, 4486.84
1603568829, 11, 103, 213, 27, 0, 0.23%, 51, 4, 10, 4723.77
1603568835, 11, 138, 213, 27, 0, 0.23%, 51, 4, 10, 4605.54
1603568845, 11, 183, 213, 26, 0, 0.23%, 51, 4, 10, 4419.07
1603568901, 11, 207, 213, 25, 0, 0.23%, 51, 4, 10, 3926.15
1603568947, 11, 207, 214, 26, 0, 0.23%, 51, 4, 10, 4118.63
1603568952, 11, 209, 214, 25, 0, 0.23%, 51, 4, 10, 4352.48
1603568998, 11, 212, 215, 25, 0, 0.23%, 51, 4, 10, 2591.51
1603569003, 11, 212, 216, 26, 0, 0.23%, 51, 4, 10, 1896.84
1603569013, 11, 212, 217, 27, 0, 0.23%, 51, 4, 10, 1727.00
1603569044, 11, 212, 217, 27, 0, 0.23%, 51, 5, 10, 20.35
1603569049, 11, 212, 218, 28, 0, 0.23%, 51, 5, 10, 2805.30
1603569054, 12, 36, 218, 27, 0, 0.23%, 51, 5, 10, 4039.06
1603569060, 12, 88, 218, 27, 0, 0.23%, 51, 5, 10, 4605.93
1603569065, 12, 136, 218, 27, 0, 0.23%, 51, 5, 10, 4399.76
1603569070, 12, 163, 218, 26, 0, 0.23%, 51, 5, 10, 4545.65
1603569075, 12, 170, 218, 26, 0, 0.23%, 51, 5, 10, 4456.24
1603569090, 12, 211, 218, 25, 0, 0.23%, 51, 5, 10, 4776.22
1603569120, 12, 213, 219, 25, 0, 0.23%, 51, 5, 10, 4899.93
1603569141, 12, 214, 219, 24, 0, 0.23%, 51, 5, 10, 3596.32
1603569172, 13, 21, 219, 23, 0, 0.23%, 51, 5, 10, 4222.75
1603569177, 13, 50, 219, 22, 0, 0.23%, 51, 5, 10, 4748.83
1603569182, 13, 142, 219, 22, 0, 0.23%, 51, 5, 10, 4719.47
1603569192, 13, 149, 219, 21, 0, 0.23%, 51, 5, 10, 4631.93
1603569197, 13, 202, 219, 21, 0, 0.23%, 51, 5, 10, 4488.30
1603569228, 14, 39, 219, 20, 0, 0.23%, 51, 5, 10, 4649.28
1603569233, 14, 103, 219, 20, 0, 0.23%, 51, 5, 10, 4758.90
1603569238, 14, 157, 219, 20, 0, 0.23%, 51, 5, 10, 4288.01
1603569279, 14, 176, 219, 19, 0, 0.23%, 51, 5, 10, 4277.72
1603569304, 14, 180, 219, 18, 0, 0.23%, 51, 5, 10, 4378.72
1603569324, 14, 185, 219, 17, 0, 0.23%, 51, 5, 10, 4400.52
1603569370, 14, 195, 219, 16, 0, 0.23%, 51, 5, 10, 4417.40
1603569391, 14, 210, 219, 15, 0, 0.23%, 51, 5, 10, 4574.67
1603569436, 14, 214, 219, 14, 0, 0.23%, 51, 5, 10, 4388.32
1603569441, 14, 215, 219, 14, 0, 0.23%, 51, 5, 10, 3971.75
1603569467, 14, 217, 219, 13, 0, 0.23%, 51, 5, 10, 4365.59
1603569544, 15, 10, 219, 12, 0, 0.23%, 51, 5, 10, 4620.48
1603569549, 15, 72, 219, 11, 0, 0.23%, 51, 5, 10, 4700.61
1603569554, 15, 126, 219, 11, 0, 0.23%, 51, 5, 10, 4638.22
1603569559, 15, 143, 219, 10, 0, 0.23%, 51, 5, 10, 4642.91
1603569564, 15, 218, 219, 10, 0, 0.23%, 51, 5, 10, 4653.86
1603569574, 15, 218, 220, 11, 0, 0.23%, 51, 5, 10, 4782.14
1603569579, 16, 53, 220, 10, 0, 0.23%, 51, 5, 10, 4792.06
1603569584, 16, 73, 220, 10, 0, 0.23%, 51, 5, 10, 4803.64
1603569589, 16, 141, 220, 9, 0, 0.23%, 51, 5, 10, 4662.28
1603569600, 16, 219, 220, 8, 0, 0.23%, 51, 5, 10, 4612.56
1603569615, 17, 37, 220, 7, 0, 0.23%, 51, 5, 10, 4782.24
1603569620, 17, 71, 220, 6, 0, 0.23%, 51, 5, 10, 4829.52
1603569625, 17, 143, 220, 6, 0, 0.23%, 51, 5, 10, 4714.77
1603569630, 17, 186, 220, 6, 0, 0.23%, 51, 5, 10, 4502.29
1603569676, 17, 193, 220, 5, 0, 0.23%, 51, 5, 10, 4243.39
1603569681, 17, 200, 220, 5, 0, 0.23%, 51, 5, 10, 4314.40
1603569711, 17, 216, 220, 4, 0, 0.23%, 51, 5, 10, 3668.00
1603569742, 18, 52, 220, 3, 0, 0.23%, 51, 5, 10, 4618.72
1603569748, 18, 85, 220, 2, 0, 0.23%, 51, 5, 10, 4775.17
1603569753, 18, 144, 220, 2, 0, 0.23%, 51, 5, 10, 4679.36
1603569758, 19, 44, 220, 2, 0, 0.23%, 51, 5, 10, 4714.63
1603569763, 19, 89, 220, 2, 0, 0.23%, 51, 5, 10, 4767.56
1603569768, 20, 29, 220, 2, 0, 0.23%, 51, 5, 10, 4734.99
1603569773, 20, 87, 220, 2, 0, 0.23%, 52, 5, 10, 4781.13
1603569778, 20, 109, 220, 1, 0, 0.23%, 52, 5, 10, 4799.14
1603569783, 20, 219, 220, 1, 0, 0.23%, 52, 5, 10, 4597.48
1603569789, 21, 69, 220, 1, 0, 0.23%, 52, 5, 10, 4773.24
1603569794, 21, 186, 220, 1, 0, 0.23%, 52, 5, 10, 4644.70
1603569799, 22, 29, 220, 1, 0, 0.23%, 52, 5, 10, 4574.51
1603569804, 22, 85, 220, 1, 0, 0.23%, 52, 5, 10, 4737.25
1603569809, 22, 157, 221, 2, 0, 0.23%, 52, 6, 10, 4637.23
1603569814, 22, 204, 221, 2, 0, 0.23%, 52, 6, 10, 4473.86
1603569819, 22, 206, 221, 2, 0, 0.23%, 52, 6, 10, 3926.08
1603569845, 23, 31, 221, 1, 0, 0.23%, 52, 6, 10, 4532.17
1603569850, 23, 87, 221, 1, 0, 0.23%, 52, 6, 10, 4748.23
1603569855, 23, 154, 221, 1, 0, 0.23%, 52, 6, 10, 4631.03
1603569860, 24, 37, 221, 1, 0, 0.23%, 52, 6, 10, 4701.05
1603569865, 24, 112, 221, 1, 0, 0.23%, 52, 6, 10, 4792.87
1603569870, 24, 218, 221, 1, 0, 0.23%, 52, 6, 10, 4630.11
1603569876, 24, 220, 221, 1, 0, 0.23%, 52, 6, 10, 4898.08
1603569881, 25, 67, 221, 0, 0, 0.23%, 52, 6, 10, 4861.98
1603569886, 25, 175, 221, 0, 0, 0.23%, 52, 6, 10, 4765.59
1603569891, 25, 213, 221, 0, 0, 0.23%, 52, 6, 10, 4500.63
1603569896, 26, 53, 222, 1, 0, 0.23%, 52, 6, 10, 4737.32
1603569901, 26, 143, 222, 1, 0, 0.23%, 52, 6, 10, 4758.14
1603569906, 27, 60, 222, 1, 0, 0.23%, 52, 6, 10, 4787.42
1603569911, 27, 194, 222, 1, 0, 0.23%, 52, 6, 10, 4688.50
1603569916, 27, 221, 222, 1, 0, 0.23%, 52, 6, 10, 4561.56
1603569927, 28, 67, 222, 0, 0, 0.23%, 52, 6, 10, 4775.93
1603569932, 28, 124, 222, 0, 0, 0.23%, 52, 6, 10, 4722.91
1603569937, 29, 52, 222, 0, 0, 0.23%, 52, 6, 10, 4776.03
1603569942, 29, 125, 222, 0, 0, 0.23%, 52, 6, 10, 4736.65
1603569947, 30, 70, 222, 0, 0, 0.23%, 52, 6, 10, 4776.38
1603569952, 30, 213, 222, 0, 0, 0.23%, 52, 6, 10, 4625.97
1603569958, 31, 48, 222, 0, 0, 0.23%, 52, 6, 10, 4661.01
1603569963, 31, 121, 222, 0, 0, 0.23%, 52, 6, 10, 4720.67
1603569968, 32, 37, 222, 0, 0, 0.23%, 52, 6, 10, 4771.34
1603569973, 32, 88, 222, 0, 0, 0.23%, 52, 6, 10, 4789.18
1603569978, 32, 208, 222, 0, 0, 0.23%, 52, 6, 10, 4533.50
1603569983, 33, 60, 222, 0, 0, 0.23%, 52, 6, 10, 4711.23
1603569988, 33, 129, 222, 0, 0, 0.23%, 52, 6, 10, 4697.41
1603569993, 34, 9, 222, 0, 0, 0.23%, 52, 6, 10, 4577.50
1603569999, 34, 72, 222, 0, 0, 0.23%, 52, 6, 10, 4744.19
1603570004, 34, 201, 222, 0, 0, 0.23%, 52, 6, 10, 4621.65
1603570009, 35, 67, 222, 0, 0, 0.23%, 52, 6, 10, 4722.42
1603570014, 35, 170, 222, 0, 0, 0.23%, 52, 6, 10, 4630.66
1603570019, 35, 211, 222, 0, 0, 0.23%, 52, 6, 10, 4598.28
1603570024, 36, 70, 222, 0, 0, 0.23%, 52, 6, 10, 4745.17
1603570029, 36, 191, 222, 0, 0, 0.23%, 52, 6, 10, 4708.45
1603570035, 37, 69, 222, 0, 0, 0.23%, 52, 6, 10, 4780.72
1603570040, 37, 126, 222, 0, 0, 0.23%, 52, 6, 10, 4731.34
1603570045, 38, 69, 222, 0, 0, 0.23%, 52, 6, 10, 4759.87
1603570050, 38, 143, 222, 0, 0, 0.23%, 52, 6, 10, 4685.72
1603570055, 39, 67, 222, 0, 0, 0.23%, 52, 6, 10, 4755.07
1603570060, 39, 153, 223, 1, 0, 0.23%, 52, 6, 10, 4683.65
1603570065, 39, 222, 223, 1, 0, 0.23%, 52, 8, 10, 166.98
1603570081, 40, 3, 225, 2, 0, 0.23%, 53, 8, 11, 4567.40
1603570086, 40, 71, 225, 2, 0, 0.23%, 53, 8, 11, 4760.77
1603570091, 40, 215, 225, 2, 0, 0.23%, 53, 8, 11, 4643.01
1603570096, 41, 48, 225, 2, 0, 0.23%, 53, 8, 11, 4746.03
1603570101, 41, 125, 225, 2, 0, 0.23%, 53, 8, 11, 4753.35
1603570106, 42, 35, 225, 2, 0, 0.23%, 53, 8, 11, 4702.93
1603570111, 42, 88, 225, 2, 0, 0.23%, 53, 8, 11, 4741.24
1603570117, 42, 224, 225, 2, 0, 0.23%, 53, 8, 11, 4555.68
1603570137, 43, 3, 225, 1, 0, 0.23%, 53, 8, 11, 4585.47
1603570142, 43, 73, 225, 1, 0, 0.23%, 53, 8, 11, 4749.60
1603570147, 43, 223, 225, 1, 0, 0.23%, 53, 8, 11, 4658.24
1603570173, 44, 32, 225, 0, 0, 0.23%, 53, 8, 11, 4649.06
1603570178, 44, 87, 225, 0, 0, 0.23%, 53, 8, 11, 4753.18
1603570183, 45, 14, 225, 0, 0, 0.23%, 53, 8, 11, 4614.32
1603570188, 45, 81, 225, 0, 0, 0.23%, 53, 8, 11, 4733.50
1603570193, 45, 193, 225, 0, 0, 0.23%, 53, 8, 11, 4567.19
1603570198, 46, 32, 225, 0, 0, 0.23%, 53, 8, 11, 4684.69
1603570203, 46, 88, 225, 0, 0, 0.23%, 53, 8, 11, 4732.03
1603570209, 46, 188, 225, 0, 0, 0.23%, 53, 8, 11, 4538.79
1603570214, 46, 224, 225, 0, 0, 0.23%, 53, 8, 11, 4540.45
1603570219, 47, 69, 225, 0, 0, 0.23%, 53, 8, 11, 4770.54
1603570224, 47, 208, 225, 0, 0, 0.23%, 53, 8, 11, 4648.66
1603570229, 48, 71, 225, 0, 0, 0.23%, 53, 8, 11, 4783.89
1603570234, 48, 143, 225, 0, 0, 0.23%, 53, 8, 11, 4707.75
1603570239, 49, 22, 225, 0, 0, 0.23%, 53, 8, 11, 4728.26
1603570244, 49, 85, 225, 0, 0, 0.23%, 53, 8, 11, 4782.19
1603570249, 50, 34, 225, 0, 0, 0.23%, 53, 8, 11, 4740.78
1603570254, 50, 87, 225, 0, 0, 0.23%, 53, 8, 11, 4807.77
1603570260, 51, 14, 225, 0, 0, 0.23%, 53, 8, 11, 4692.22
1603570265, 51, 84, 225, 0, 0, 0.23%, 53, 8, 11, 4757.07
1603570270, 51, 212, 225, 0, 0, 0.23%, 53, 8, 11, 4327.14
1603570275, 52, 67, 225, 0, 0, 0.23%, 53, 8, 11, 4679.55
1603570280, 52, 178, 225, 0, 0, 0.23%, 53, 8, 11, 4675.01
1603570285, 53, 65, 225, 0, 0, 0.23%, 53, 8, 11, 4701.34
1603570290, 53, 114, 225, 0, 0, 0.23%, 53, 8, 11, 4710.30
1603570295, 54, 20, 225, 0, 0, 0.23%, 53, 8, 11, 4636.04
1603570301, 54, 79, 225, 0, 0, 0.23%, 53, 8, 11, 4753.92
1603570306, 54, 215, 225, 0, 0, 0.23%, 53, 8, 11, 4540.98
1603570311, 55, 67, 225, 0, 0, 0.23%, 53, 8, 11, 4729.89
1603570316, 55, 126, 225, 0, 0, 0.23%, 53, 8, 11, 4737.84
1603570321, 56, 29, 225, 0, 0, 0.23%, 53, 8, 11, 4690.72
1603570326, 56, 87, 225, 0, 0, 0.23%, 53, 8, 11, 4729.89
1603570332, 57, 37, 225, 0, 0, 0.23%, 53, 8, 11, 4691.92
1603570337, 57, 88, 225, 0, 0, 0.23%, 53, 8, 11, 4752.06
1603570342, 58, 37, 225, 0, 0, 0.23%, 53, 8, 11, 4740.89
1603570347, 58, 88, 225, 0, 0, 0.23%, 53, 8, 11, 4767.63
1603570352, 59, 39, 225, 0, 0, 0.23%, 53, 8, 11, 4789.95
1603570357, 59, 129, 225, 0, 0, 0.23%, 53, 8, 11, 4788.01
1603570362, 60, 37, 226, 1, 0, 0.23%, 53, 8, 11, 4743.74
1603570368, 60, 110, 226, 1, 0, 0.23%, 53, 8, 11, 4740.52
1603570373, 61, 42, 226, 1, 0, 0.23%, 53, 8, 11, 4748.16
1603570378, 61, 129, 226, 1, 0, 0.23%, 53, 8, 11, 4777.38
1603570383, 62, 37, 226, 1, 0, 0.23%, 53, 8, 11, 4704.59
1603570388, 62, 91, 226, 1, 0, 0.23%, 53, 8, 11, 4740.66
1603570394, 63, 46, 226, 1, 0, 0.23%, 53, 8, 11, 4767.90
1603570399, 63, 143, 226, 1, 0, 0.23%, 53, 8, 11, 4779.70
1603570404, 64, 41, 226, 1, 0, 0.23%, 53, 8, 11, 4723.14
1603570409, 64, 116, 226, 1, 0, 0.23%, 53, 8, 11, 4784.29
1603570414, 65, 14, 226, 1, 0, 0.23%, 53, 8, 11, 4679.00
1603570419, 65, 77, 226, 1, 0, 0.23%, 53, 8, 11, 4766.74
1603570425, 65, 167, 226, 1, 0, 0.23%, 53, 8, 11, 4664.20
1603570430, 66, 39, 226, 1, 0, 0.23%, 53, 8, 11, 4701.24
1603570435, 66, 89, 226, 1, 0, 0.23%, 53, 8, 11, 4738.15
1603570440, 67, 25, 226, 1, 0, 0.23%, 53, 8, 11, 4696.08
1603570445, 67, 84, 226, 1, 0, 0.23%, 53, 8, 11, 4776.99
1603570450, 67, 225, 226, 1, 0, 0.23%, 53, 8, 11, 4422.54
1603570461, 68, 69, 226, 0, 0, 0.23%, 53, 8, 11, 4750.56
1603570466, 68, 196, 226, 0, 0, 0.23%, 53, 8, 11, 4692.24
1603570471, 69, 36, 226, 0, 0, 0.23%, 53, 8, 11, 4766.88
1603570476, 69, 118, 226, 0, 0, 0.23%, 53, 8, 11, 4779.54
1603570481, 70, 36, 226, 0, 0, 0.23%, 53, 8, 11, 4724.60
1603570487, 70, 98, 226, 0, 0, 0.23%, 53, 8, 11, 4774.18
1603570492, 70, 191, 226, 0, 0, 0.23%, 54, 8, 11, 4630.77
1603570497, 71, 70, 226, 0, 0, 0.23%, 54, 8, 11, 4755.07
1603570502, 71, 207, 226, 0, 0, 0.23%, 54, 8, 11, 4653.22
1603570507, 72, 42, 226, 0, 0, 0.23%, 54, 8, 11, 4724.07
1603570512, 72, 138, 226, 0, 0, 0.23%, 54, 8, 11, 4729.10
1603570517, 73, 48, 226, 0, 0, 0.23%, 54, 8, 11, 4736.00
1603570523, 73, 143, 226, 0, 0, 0.23%, 54, 8, 11, 4705.27
1603570528, 74, 34, 226, 0, 0, 0.23%, 54, 9, 11, 4708.06
1603570533, 74, 88, 226, 0, 0, 0.23%, 54, 9, 11, 4782.03
1603570538, 75, 3, 226, 0, 0, 0.23%, 54, 9, 11, 4674.66
1603570543, 75, 72, 226, 0, 0, 0.23%, 54, 9, 11, 4802.71
1603570548, 75, 204, 226, 0, 0, 0.23%, 54, 9, 11, 4674.21
1603570554, 76, 70, 226, 0, 0, 0.23%, 54, 9, 11, 4761.15
1603570559, 76, 163, 226, 0, 0, 0.23%, 54, 9, 11, 4695.51
1603570564, 77, 69, 226, 0, 0, 0.23%, 54, 9, 11, 4771.40
1603570569, 77, 217, 226, 0, 0, 0.23%, 54, 9, 11, 4649.10
1603570574, 78, 53, 226, 0, 0, 0.23%, 54, 9, 11, 4721.86
1603570579, 78, 173, 226, 0, 0, 0.23%, 54, 9, 11, 4681.45
1603570585, 79, 45, 226, 0, 0, 0.23%, 54, 9, 11, 4689.75
1603570590, 79, 125, 226, 0, 0, 0.23%, 54, 9, 11, 4727.80
1603570595, 79, 225, 226, 0, 0, 0.23%, 54, 9, 11, 4643.92
1603570600, 80, 70, 226, 0, 0, 0.23%, 54, 9, 11, 4754.27
1603570605, 80, 143, 226, 0, 0, 0.23%, 54, 9, 11, 4712.14
1603570610, 81, 22, 228, 2, 0, 0.23%, 55, 9, 11, 4621.28
1603570615, 81, 84, 228, 2, 0, 0.23%, 55, 9, 11, 4735.62
1603570621, 81, 184, 228, 2, 0, 0.23%, 55, 9, 11, 4628.26
1603570626, 81, 227, 228, 2, 0, 0.23%, 55, 9, 11, 4124.63
1603570656, 81, 227, 229, 3, 0, 0.23%, 55, 9, 11, 3977.64
1603570666, 82, 68, 229, 2, 0, 0.23%, 55, 9, 11, 4688.36
1603570671, 83, 9, 229, 2, 0, 0.23%, 55, 9, 11, 4738.94
1603570677, 83, 79, 229, 2, 0, 0.23%, 55, 9, 11, 4794.16
1603570682, 84, 14, 229, 2, 0, 0.23%, 55, 9, 11, 4660.71
1603570687, 84, 79, 229, 2, 0, 0.23%, 55, 9, 11, 4763.73
1603570692, 85, 25, 229, 2, 0, 0.23%, 55, 9, 11, 4748.71
1603570697, 85, 84, 229, 2, 0, 0.23%, 55, 9, 11, 4777.82
1603570702, 85, 160, 229, 2, 0, 0.23%, 55, 9, 11, 4664.95
1603570707, 86, 60, 229, 2, 0, 0.23%, 55, 9, 11, 4779.79
1603570713, 86, 208, 229, 2, 0, 0.23%, 55, 9, 11, 4705.75
1603570718, 87, 69, 229, 2, 0, 0.23%, 55, 9, 11, 4746.13
1603570723, 87, 190, 229, 2, 0, 0.23%, 55, 9, 11, 4655.91
1603570728, 87, 226, 229, 2, 0, 0.23%, 55, 9, 11, 4161.10
1603570764, 87, 228, 229, 1, 0, 0.23%, 55, 9, 11, 4181.33
1603570784, 88, 14, 229, 0, 0, 0.23%, 55, 9, 11, 4320.37
1603570789, 88, 79, 229, 0, 0, 0.23%, 55, 9, 11, 4716.68
1603570794, 88, 210, 229, 0, 0, 0.23%, 55, 9, 11, 4601.47
1603570800, 89, 39, 229, 0, 0, 0.23%, 55, 9, 11, 4681.05
1603570805, 89, 89, 229, 0, 0, 0.23%, 55, 9, 11, 4755.15
1603570810, 90, 60, 229, 0, 0, 0.23%, 55, 9, 11, 4763.23
1603570815, 90, 144, 229, 0, 0, 0.23%, 55, 9, 11, 4746.98
1603570820, 91, 48, 229, 0, 0, 0.23%, 55, 9, 11, 4753.53
1603570825, 91, 182, 229, 0, 0, 0.23%, 55, 9, 11, 4748.74
1603570830, 92, 34, 229, 0, 0, 0.23%, 55, 9, 11, 4717.78
1603570836, 92, 87, 229, 0, 0, 0.23%, 55, 9, 11, 4781.86
1603570841, 93, 3, 229, 0, 0, 0.23%, 55, 9, 11, 4617.53
1603570846, 93, 71, 229, 0, 0, 0.23%, 55, 9, 11, 4716.17
1603570851, 93, 212, 229, 0, 0, 0.23%, 55, 9, 11, 4569.01
1603570856, 94, 50, 229, 0, 0, 0.23%, 55, 9, 11, 4724.73
1603570861, 94, 205, 229, 0, 0, 0.23%, 55, 9, 11, 4691.96
1603570866, 95, 67, 229, 0, 0, 0.23%, 55, 9, 11, 4708.34
1603570871, 95, 143, 229, 0, 0, 0.23%, 55, 9, 11, 4752.54
1603570876, 96, 44, 229, 0, 0, 0.23%, 55, 9, 11, 4739.83
1603570881, 96, 104, 229, 0, 0, 0.23%, 55, 9, 11, 4800.01
1603570886, 97, 34, 229, 0, 0, 0.23%, 55, 9, 11, 4733.20
1603570892, 97, 88, 229, 0, 0, 0.23%, 55, 9, 11, 4760.60
1603570897, 97, 218, 229, 0, 0, 0.23%, 55, 9, 11, 4562.61
1603570902, 98, 42, 229, 0, 0, 0.23%, 55, 9, 11, 4704.47
1603570907, 98, 133, 229, 0, 0, 0.23%, 55, 9, 11, 4761.45
1603570912, 98, 227, 229, 0, 0, 0.23%, 55, 9, 11, 4557.97
1603570917, 99, 69, 229, 0, 0, 0.23%, 55, 9, 11, 4733.25
1603570922, 99, 205, 229, 0, 0, 0.23%, 55, 9, 11, 4684.93
1603570927, 100, 32, 229, 0, 0, 0.23%, 55, 9, 11, 4660.83
1603570932, 100, 88, 229, 0, 0, 0.23%, 55, 9, 11, 4765.52
1603570938, 101, 35, 229, 0, 0, 0.23%, 55, 9, 11, 4715.31
1603570943, 101, 90, 229, 0, 0, 0.23%, 55, 9, 11, 4766.78
1603570948, 102, 42, 229, 0, 0, 0.23%, 55, 9, 11, 4771.36
1603570953, 102, 122, 229, 0, 0, 0.23%, 55, 9, 11, 4778.44
1603570958, 103, 25, 229, 0, 0, 0.23%, 55, 9, 11, 4632.29
1603570963, 103, 84, 229, 0, 0, 0.23%, 55, 9, 11, 4728.96
1603570968, 104, 31, 229, 0, 0, 0.23%, 55, 9, 11, 4711.90
1603570974, 104, 87, 229, 0, 0, 0.23%, 55, 9, 11, 4765.63
1603570979, 105, 9, 229, 0, 0, 0.23%, 55, 9, 11, 4613.75
1603570984, 105, 72, 229, 0, 0, 0.23%, 55, 9, 11, 4755.79
1603570989, 105, 147, 229, 0, 0, 0.23%, 55, 10, 11, 4648.70
1603570994, 106, 42, 229, 0, 0, 0.23%, 55, 10, 11, 4592.16
1603570999, 106, 96, 229, 0, 0, 0.23%, 55, 10, 11, 4749.99
1603571005, 107, 31, 229, 0, 0, 0.23%, 55, 10, 11, 4656.31
1603571010, 107, 87, 229, 0, 0, 0.23%, 55, 10, 11, 4736.27
1603571015, 108, 37, 229, 0, 0, 0.23%, 55, 10, 11, 4712.09
1603571020, 108, 88, 229, 0, 0, 0.23%, 55, 10, 11, 4779.56
1603571025, 108, 227, 229, 0, 0, 0.23%, 55, 10, 11, 4524.46
1603571030, 109, 70, 229, 0, 0, 0.23%, 55, 10, 11, 4746.51
1603571036, 109, 164, 229, 0, 0, 0.23%, 55, 10, 11, 4688.25
1603571041, 110, 70, 229, 0, 0, 0.23%, 55, 10, 11, 4772.14
1603571046, 110, 216, 229, 0, 0, 0.23%, 55, 10, 11, 4596.59
1603571051, 111, 71, 229, 0, 0, 0.23%, 55, 10, 11, 4755.03
1603571056, 111, 214, 229, 0, 0, 0.23%, 55, 10, 11, 4556.48
1603571061, 112, 39, 229, 0, 0, 0.23%, 55, 10, 11, 4676.48
1603571066, 112, 115, 229, 0, 0, 0.23%, 55, 10, 11, 4737.16
1603571072, 113, 29, 229, 0, 0, 0.23%, 55, 10, 11, 4707.98
1603571077, 113, 85, 229, 0, 0, 0.23%, 55, 10, 11, 4767.10
1603571082, 114, 36, 229, 0, 0, 0.23%, 55, 10, 11, 4758.00
1603571087, 114, 88, 229, 0, 0, 0.23%, 55, 10, 11, 4784.67
1603571092, 115, 39, 229, 0, 0, 0.23%, 55, 10, 11, 4696.76
1603571097, 115, 136, 229, 0, 0, 0.23%, 55, 10, 11, 4728.93
1603571103, 115, 226, 229, 0, 0, 0.23%, 55, 10, 11, 4584.70
1603571108, 116, 71, 229, 0, 0, 0.23%, 55, 10, 11, 4715.85
1603571113, 117, 9, 229, 0, 0, 0.23%, 55, 10, 11, 4649.89
1603571118, 117, 71, 229, 0, 0, 0.23%, 55, 10, 11, 4766.39
1603571123, 117, 179, 229, 0, 0, 0.23%, 55, 10, 11, 4646.98
1603571128, 118, 70, 229, 0, 0, 0.23%, 55, 10, 11, 4748.02
1603571133, 118, 165, 229, 0, 0, 0.23%, 55, 10, 11, 4667.40
1603571138, 119, 34, 229, 0, 0, 0.23%, 55, 10, 11, 4682.52
1603571143, 119, 88, 229, 0, 0, 0.23%, 55, 10, 11, 4762.62
1603571149, 120, 31, 229, 0, 0, 0.23%, 55, 10, 11, 4671.42
1603571154, 120, 85, 229, 0, 0, 0.23%, 55, 10, 11, 4748.14
1603571159, 120, 224, 229, 0, 0, 0.23%, 55, 10, 11, 4591.00
1603571164, 121, 70, 229, 0, 0, 0.23%, 55, 10, 11, 4749.75
1603571169, 121, 206, 229, 0, 0, 0.23%, 55, 10, 11, 4663.74
1603571174, 122, 70, 229, 0, 0, 0.23%, 55, 10, 11, 4763.64
1603571179, 122, 153, 229, 0, 0, 0.23%, 55, 10, 11, 4716.25
1603571185, 123, 37, 229, 0, 0, 0.23%, 55, 10, 11, 4711.24
1603571190, 123, 127, 229, 0, 0, 0.23%, 55, 10, 11, 4745.46
1603571195, 124, 14, 229, 0, 0, 0.23%, 55, 10, 11, 4683.35
1603571200, 124, 80, 229, 0, 0, 0.23%, 55, 10, 11, 4791.62
1603571205, 124, 206, 229, 0, 0, 0.23%, 55, 10, 11, 4582.67
1603571210, 125, 71, 229, 0, 0, 0.23%, 55, 10, 11, 4749.59
1603571215, 126, 32, 229, 0, 0, 0.23%, 55, 10, 11, 4738.19
1603571220, 126, 84, 229, 0, 0, 0.23%, 55, 10, 11, 4785.30
1603571225, 127, 9, 229, 0, 0, 0.23%, 55, 10, 11, 4685.18
1603571231, 127, 79, 229, 0, 0, 0.23%, 55, 10, 11, 4776.51
1603571236, 128, 32, 229, 0, 0, 0.23%, 55, 10, 11, 4756.86
1603571241, 128, 87, 229, 0, 0, 0.23%, 55, 10, 11, 4768.16
1603571246, 129, 20, 229, 0, 0, 0.23%, 55, 10, 11, 4694.05
1603571251, 129, 79, 229, 0, 0, 0.23%, 55, 10, 11, 4769.37
1603571256, 129, 217, 229, 0, 0, 0.23%, 55, 10, 11, 4641.91
1603571261, 130, 53, 229, 0, 0, 0.23%, 55, 10, 11, 4722.10
1603571266, 130, 129, 229, 0, 0, 0.23%, 55, 10, 11, 4692.21
1603571272, 131, 35, 229, 0, 0, 0.23%, 55, 10, 11, 4669.12
1603571277, 131, 88, 229, 0, 0, 0.23%, 55, 10, 11, 4663.98
1603571282, 131, 228, 229, 0, 0, 0.23%, 55, 10, 11, 4577.55
1603571287, 132, 71, 229, 0, 0, 0.23%, 55, 10, 11, 4709.38
1603571292, 132, 181, 229, 0, 0, 0.23%, 55, 10, 11, 4672.20
1603571297, 133, 70, 229, 0, 0, 0.23%, 55, 10, 11, 4770.44
1603571302, 133, 217, 229, 0, 0, 0.23%, 55, 10, 11, 4618.47
1603571308, 134, 70, 229, 0, 0, 0.23%, 55, 10, 11, 4617.00
1603571313, 134, 174, 229, 0, 0, 0.23%, 55, 10, 11, 4605.87
