# unix_time, cycles_done, cur_path, paths_total, pending_total, pending_favs, map_size, unique_crashes, unique_hangs, max_depth, execs_per_sec
1603765971, 0, 0, 6, 6, 4, 0.08%, 0, 0, 1, 3428.57
1603765976, 0, 1, 39, 39, 4, 0.17%, 6, 0, 2, 4605.66
1603765981, 0, 3, 53, 52, 22, 0.19%, 7, 0, 2, 4761.46
1603765986, 0, 3, 69, 68, 22, 0.19%, 7, 0, 2, 4651.67
1603765991, 0, 3, 96, 95, 22, 0.22%, 7, 0, 2, 4564.86
1603765996, 0, 4, 97, 95, 33, 0.22%, 7, 0, 2, 4749.99
1603766001, 0, 14, 97, 93, 31, 0.22%, 7, 0, 2, 4853.37
1603766006, 0, 22, 97, 91, 29, 0.22%, 7, 0, 2, 4792.44
1603766011, 0, 24, 97, 90, 28, 0.22%, 7, 0, 2, 4335.16
1603766016, 0, 25, 97, 89, 27, 0.22%, 7, 0, 2, 4449.38
1603766022, 0, 27, 97, 87, 25, 0.22%, 7, 0, 2, 4300.28
1603766027, 0, 28, 97, 86, 24, 0.22%, 7, 0, 2, 4309.07
1603766032, 0, 29, 97, 85, 23, 0.22%, 7, 0, 2, 4368.86
1603766037, 0, 32, 97, 83, 21, 0.22%, 7, 0, 2, 4246.58
1603766042, 0, 33, 97, 82, 20, 0.22%, 7, 0, 2, 4010.86
1603766047, 0, 43, 97, 80, 18, 0.22%, 7, 0, 2, 4368.28
1603766052, 0, 49, 98, 79, 16, 0.22%, 7, 0, 3, 4283.03
1603766062, 0, 69, 99, 78, 14, 0.22%, 7, 0, 3, 4463.96
1603766068, 0, 75, 100, 78, 13, 0.22%, 7, 0, 3, 4400.40
1603766073, 0, 79, 100, 76, 12, 0.22%, 7, 0, 3, 4017.43
1603766078, 0, 79, 106, 82, 12, 0.22%, 7, 0, 3, 4105.52
1603766083, 0, 80, 107, 82, 13, 0.22%, 7, 0, 3, 4178.34
1603766088, 0, 81, 107, 81, 12, 0.22%, 7, 0, 3, 4156.23
1603766093, 0, 83, 107, 80, 11, 0.22%, 7, 0, 3, 4155.86
1603766098, 0, 84, 107, 79, 10, 0.22%, 7, 0, 3, 4398.60
1603766103, 0, 85, 107, 78, 9, 0.22%, 7, 0, 3, 4155.16
1603766108, 0, 86, 107, 77, 8, 0.22%, 7, 0, 3, 3927.19
1603766113, 0, 87, 109, 78, 8, 0.22%, 7, 0, 3, 4063.31
1603766118, 0, 87, 113, 82, 8, 0.22%, 7, 0, 3, 4310.45
1603766123, 0, 90, 120, 88, 10, 0.22%, 7, 0, 3, 3514.74
1603766128, 0, 94, 121, 88, 10, 0.22%, 7, 0, 3, 3803.34
1603766133, 0, 95, 121, 87, 9, 0.22%, 7, 0, 3, 4037.21
1603766138, 0, 99, 122, 87, 8, 0.22%, 7, 0, 3, 3827.44
1603766144, 0, 101, 122, 86, 7, 0.22%, 7, 0, 3, 4175.01
1603766149, 0, 106, 122, 85, 6, 0.22%, 7, 0, 3, 4015.12
1603766154, 0, 113, 124, 85, 5, 0.22%, 7, 0, 4, 4000.20
1603766159, 0, 119, 129, 89, 4, 0.22%, 7, 0, 4, 3466.14
1603766164, 0, 121, 129, 88, 4, 0.22%, 7, 0, 4, 3428.67
1603766169, 0, 123, 130, 88, 3, 0.22%, 7, 0, 5, 3850.00
1603766174, 0, 127, 132, 89, 2, 0.22%, 7, 0, 5, 3321.56
1603766179, 1, 39, 132, 88, 1, 0.22%, 7, 0, 5, 3697.89
1603766184, 1, 40, 132, 87, 0, 0.22%, 7, 0, 5, 3709.75
1603766190, 1, 55, 132, 86, 0, 0.22%, 7, 0, 5, 4621.97
1603766195, 1, 68, 132, 84, 0, 0.22%, 7, 0, 5, 4899.68
1603766200, 1, 72, 132, 83, 0, 0.22%, 7, 0, 5, 4267.81
1603766205, 1, 76, 132, 82, 0, 0.22%, 7, 0, 5, 3927.53
1603766210, 1, 88, 132, 81, 0, 0.22%, 7, 0, 5, 4413.97
1603766215, 1, 110, 133, 80, 0, 0.22%, 7, 0, 5, 4284.10
1603766220, 1, 132, 134, 80, 2, 0.22%, 7, 0, 5, 4189.11
1603766230, 2, 38, 134, 79, 1, 0.22%, 7, 0, 5, 4528.63
1603766235, 2, 56, 134, 77, 0, 0.22%, 7, 0, 5, 4713.13
1603766240, 2, 58, 134, 76, 0, 0.22%, 7, 0, 5, 4690.46
1603766246, 2, 63, 134, 75, 0, 0.22%, 7, 0, 5, 4631.59
1603766251, 2, 66, 134, 74, 0, 0.22%, 7, 0, 5, 4615.98
1603766256, 2, 109, 134, 73, 0, 0.22%, 7, 0, 5, 4395.32
1603766266, 2, 113, 135, 72, 0, 0.22%, 7, 0, 5, 4036.78
1603766271, 2, 115, 135, 72, 0, 0.22%, 7, 0, 5, 2959.00
1603766276, 2, 126, 136, 72, 0, 0.22%, 7, 0, 5, 2888.52
1603766281, 2, 128, 136, 71, 0, 0.22%, 7, 0, 5, 2873.11
1603766286, 2, 129, 136, 70, 0, 0.22%, 7, 0, 5, 3488.76
1603766291, 3, 8, 136, 69, 0, 0.22%, 7, 0, 5, 4200.97
1603766296, 3, 16, 136, 67, 0, 0.22%, 7, 0, 5, 4219.94
1603766301, 3, 18, 136, 66, 0, 0.22%, 7, 0, 5, 4418.95
1603766306, 3, 42, 136, 65, 0, 0.22%, 7, 0, 5, 3770.01
1603766311, 3, 51, 136, 64, 0, 0.22%, 7, 0, 5, 3877.07
1603766322, 3, 71, 136, 62, 0, 0.22%, 7, 0, 5, 4654.46
1603766327, 3, 73, 136, 61, 0, 0.22%, 7, 0, 5, 4029.78
1603766337, 3, 100, 136, 59, 0, 0.22%, 7, 0, 5, 3784.18
1603766342, 3, 105, 136, 58, 0, 0.22%, 7, 0, 5, 3703.97
1603766347, 3, 113, 136, 57, 0, 0.22%, 7, 0, 5, 3930.48
1603766352, 3, 118, 138, 59, 0, 0.22%, 7, 0, 5, 3013.42
1603766357, 3, 137, 139, 58, 0, 0.22%, 7, 0, 5, 3649.15
1603766362, 3, 137, 140, 59, 0, 0.22%, 7, 0, 5, 2965.73
1603766367, 3, 138, 140, 58, 0, 0.22%, 7, 0, 5, 2923.65
1603766372, 4, 9, 140, 57, 0, 0.22%, 7, 0, 5, 3968.08
1603766378, 4, 13, 140, 55, 0, 0.22%, 7, 0, 5, 4663.01
1603766383, 4, 70, 140, 53, 0, 0.22%, 7, 0, 5, 4577.33
1603766388, 4, 89, 140, 52, 0, 0.22%, 7, 0, 5, 4368.73
1603766393, 4, 102, 140, 51, 0, 0.22%, 7, 0, 5, 4236.98
1603766398, 4, 104, 140, 50, 0, 0.22%, 7, 0, 5, 3793.48
1603766403, 4, 104, 141, 51, 0, 0.22%, 7, 0, 5, 3693.46
1603766408, 4, 117, 141, 50, 0, 0.22%, 7, 0, 5, 3060.04
1603766413, 4, 120, 141, 49, 0, 0.22%, 7, 0, 5, 4144.27
1603766418, 5, 7, 141, 47, 0, 0.22%, 7, 0, 5, 4648.49
1603766423, 5, 17, 141, 46, 0, 0.22%, 7, 0, 5, 4627.83
1603766428, 5, 30, 141, 44, 0, 0.22%, 7, 0, 5, 4626.72
1603766433, 5, 36, 141, 43, 0, 0.22%, 7, 0, 5, 4007.27
1603766439, 5, 46, 142, 43, 0, 0.22%, 7, 0, 5, 4263.28
1603766444, 5, 52, 142, 42, 0, 0.22%, 7, 0, 5, 4457.97
1603766449, 5, 59, 142, 41, 0, 0.22%, 7, 0, 5, 4652.86
1603766454, 5, 67, 142, 40, 0, 0.22%, 7, 0, 5, 4606.70
1603766459, 5, 81, 142, 38, 0, 0.22%, 7, 0, 5, 4566.88
1603766464, 5, 103, 143, 39, 0, 0.22%, 7, 0, 5, 3984.01
1603766469, 5, 116, 143, 38, 0, 0.22%, 7, 0, 5, 3243.40
1603766474, 5, 125, 143, 37, 0, 0.22%, 7, 0, 5, 3529.76
1603766479, 5, 131, 143, 36, 0, 0.22%, 7, 0, 5, 3285.87
1603766484, 5, 135, 143, 35, 0, 0.22%, 7, 0, 5, 3099.62
1603766489, 5, 135, 144, 36, 0, 0.22%, 7, 0, 6, 3451.52
1603766494, 5, 139, 146, 37, 0, 0.22%, 7, 0, 6, 2907.72
1603766500, 5, 140, 146, 36, 0, 0.22%, 7, 0, 6, 3652.40
1603766505, 5, 142, 146, 35, 0, 0.22%, 7, 0, 6, 4448.94
1603766510, 5, 145, 146, 34, 0, 0.22%, 7, 0, 6, 3017.05
1603766515, 6, 5, 146, 33, 0, 0.22%, 7, 0, 6, 3269.59
1603766525, 6, 39, 146, 31, 0, 0.22%, 7, 0, 6, 4170.69
1603766530, 6, 47, 146, 31, 0, 0.22%, 7, 0, 6, 4511.40
1603766535, 6, 79, 146, 29, 0, 0.22%, 7, 0, 6, 4708.65
1603766540, 6, 96, 146, 29, 0, 0.22%, 7, 0, 6, 4618.35
1603766545, 6, 112, 146, 28, 0, 0.22%, 7, 0, 6, 4125.17
1603766550, 6, 130, 146, 27, 0, 0.22%, 7, 0, 6, 3149.86
1603766556, 6, 134, 146, 26, 0, 0.22%, 7, 0, 6, 4113.67
1603766561, 6, 136, 146, 25, 0, 0.22%, 7, 0, 6, 3104.83
1603766566, 6, 144, 146, 24, 0, 0.22%, 7, 0, 6, 2910.65
1603766571, 7, 15, 146, 22, 0, 0.22%, 7, 0, 6, 3760.29
1603766576, 7, 148, 151, 26, 1, 0.23%, 7, 0, 6, 4437.33
1603766581, 7, 148, 152, 27, 1, 0.23%, 7, 0, 6, 4435.44
1603766591, 7, 148, 159, 34, 1, 0.23%, 7, 0, 6, 4459.82
1603766596, 7, 148, 162, 37, 1, 0.23%, 7, 0, 6, 4594.79
1603766602, 7, 149, 172, 46, 3, 0.23%, 7, 0, 6, 4494.47
1603766617, 7, 149, 174, 48, 3, 0.23%, 7, 0, 6, 4511.10
1603766627, 7, 150, 174, 47, 2, 0.23%, 7, 0, 6, 4489.57
